%YAML:1.0
---
Camera_MatrixL: !!opencv-matrix
   rows: 3
   cols: 3
   dt: d
   data: [ 1.7128608688209874e+03, 0., 3.3664254885258964e+02, 0.,
       1.7153886944990363e+03, 2.4909409540483043e+02, 0., 0., 1. ]
Distortion_ParamsL: !!opencv-matrix
   rows: 1
   cols: 5
   dt: d
   data: [ -5.6162841376328232e-01, 4.4759552571375769e+00,
       3.3867529508173505e-03, 4.2346987520892844e-03,
       -8.6495823261029713e+01 ]
Camera_MatrixR: !!opencv-matrix
   rows: 3
   cols: 3
   dt: d
   data: [ 1.7145338377638141e+03, 0., 3.1501279886921213e+02, 0.,
       1.7190577248039097e+03, 2.2823989552669624e+02, 0., 0., 1. ]
Distortion_ParamsR: !!opencv-matrix
   rows: 0
   cols: 0
   dt: u
   data: []
R: !!opencv-matrix
   rows: 3
   cols: 3
   dt: d
   data: [ 9.9994758046858878e-01, 4.6485838424894669e-04,
       1.0228402695326041e-02, -5.8833196121868417e-04,
       9.9992695836534873e-01, 1.2071942665764647e-02,
       -1.0222043852310951e-02, -1.2077327556404758e-02,
       9.9987481615379070e-01 ]
T: !!opencv-matrix
   rows: 3
   cols: 1
   dt: d
   data: [ -2.0278139306049997e+01, -9.5315897442070988e-02,
       1.1857498944084482e-01 ]
E: !!opencv-matrix
   rows: 3
   cols: 3
   dt: d
   data: [ 1.0440847395644399e-03, -1.1741516721504673e-01,
       -9.6735395905547833e-02, -8.8715255434252183e-02,
       -2.4485061005556830e-01, 2.0276813643319290e+01,
       1.0724117849518512e-01, -2.0276613849213319e+01,
       -2.4382160568872019e-01 ]
F: !!opencv-matrix
   rows: 3
   cols: 3
   dt: d
   data: [ -7.0837897319720248e-08, 7.9545141493743820e-06,
       9.2842649260774148e-03, 6.0032139452524459e-06,
       1.6544218173743038e-05, -2.3563554763290613e+00,
       -1.3822771840073579e-02, 2.3489352923031492e+00, 1. ]
P1: !!opencv-matrix
   rows: 3
   cols: 4
   dt: d
   data: [ 1.7172232096514731e+03, 0., 3.2866493606567383e+02, 0., 0.,
       1.7172232096514731e+03, 2.3934841728210449e+02, 0., 0., 0., 1.,
       0. ]
P2: !!opencv-matrix
   rows: 3
   cols: 4
   dt: d
   data: [ 1.7172232096514731e+03, 0., 3.2866493606567383e+02,
       -3.4823071456850805e+04, 0., 1.7172232096514731e+03,
       2.3934841728210449e+02, 0., 0., 0., 1., 0. ]
R1: !!opencv-matrix
   rows: 3
   cols: 3
   dt: d
   data: [ 9.9997644557802501e-01, 5.2354152471046807e-03,
       4.4383235945139876e-03, -5.2620521019726158e-03,
       9.9996808717633379e-01, 6.0112757863827792e-03,
       -4.4067104301691628e-03, -6.0344888842560479e-03,
       9.9997208253385295e-01 ]
R2: !!opencv-matrix
   rows: 3
   cols: 3
   dt: d
   data: [ 9.9997185796901511e-01, 4.7002939283829802e-03,
       -5.8472649147075315e-03, -4.7354469689063969e-03,
       9.9997071148272199e-01, -6.0126299356738295e-03,
       5.8188325290077902e-03, 6.0401501409726235e-03,
       9.9996482826861177e-01 ]
Q: !!opencv-matrix
   rows: 4
   cols: 4
   dt: d
   data: [ 1., 0., 0., -3.2866493606567383e+02, 0., 1., 0.,
       -2.3934841728210449e+02, 0., 0., 0., 1.7172232096514731e+03, 0.,
       0., 4.9312801479308936e-02, 0. ]
